1
-0.029034455
-0.998454957
0.077123399
0.995825917
-0.095627746
-0.99613579
0.065517055
0.999652269
0.031836356
-0.993822757
-0.212146083
0.942260415
0.47607049
-0.777815595
-0.779205299
0.41847961
0.988328597
0.159655141
-0.873166946
-0.779821344
0.251213852
0.978773459
0.648089453
-0.322561786
-0.969500875
-0.759390905
0.055109668
0.804308644
0.978960334
0.531526117
-0.207000217
-0.809016994
-0.997414078
-0.738575645
-0.192632734
0.402422916
0.838709779
0.999791788
0.87179787
0.520461349
0.054377295
-0.410143081
-0.77472267
-0.973328373
-0.977239818
-0.793591468
-0.460229154
-0.038665254
0.394161853
0.755485788
0.968276155
0.975215106
0.754551503
0.335328978
-0.19336271
-0.687376781
-0.975958698
-0.918489495
-0.481018263
0.198468024
0.809640632
0.986988951
0.541979432
-0.309016994
-0.95026567
-0.77844208
0.160128585
0.95617048
0.639128042
-0.518274805
-0.961751176
0.0767323
0.998438706
0.119253848
-0.993591794
-0.036406632
0.993792054
-0.324673951
-0.813207906
0.832020157
0.155170258
-0.940576853
0.794309717
0.013513199
-0.76960923
0.994275457
-0.664947417
0.052352574
0.534266634
-0.901441234
0.998327541
-0.871579026
0.6066223
-0.285805943
-0.030920292
0.309016994
-0.534294454
0.705725425
-0.829165742
0.91294766
-0.965240818
0.992698687
-0.999889818
0.989129922
-0.960471438
0.911733835
-0.838571334
0.734692131
-0.592483958
0.404470593
-0.166186688
-0.118916026
0.432326449
-0.732241812
0.948256892
-0.987327335
0.762941955
-0.255670807
-0.408690239
0.922770994
-0.905824082
0.21560577
0.707214062
-0.952884441
0.075006008
0.935566666
-0.519530507
