1.0
0.74019605
-0.038049165
-0.756791
-0.9971088
-0.6403933
0.11134848
0.79359365
0.9890921
0.5855961
-0.17735472
-0.8309923
-0.9780823
-0.53672993
0.23276503
0.85813713
0.96695703
0.49802727
-0.27218443
-0.8753435
-0.95909977
-0.47430032
0.2911992
0.88211083
0.9571948
0.4724432
-0.2863407
-0.87616915
-0.96178466
-0.4950287
0.25254452
0.85481244
0.97455156
0.54592925
-0.18284778
-0.8124451
-0.9894223
-0.62816215
0.07701653
0.7351409
0.99889135
0.73104256
0.076007925
-0.6139029
-0.9853141
-0.84495157
-0.2693542
0.43993843
0.9257505
0.94364154
0.48514318
-0.21666501
-0.80964476
-0.99539524
-0.67490226
-0.0027704914
0.67844343
0.9983589
0.7450123
0.0034283504
-0.7862991
-0.92965215
0.15505531
0.5528205
0.8030918
-0.98512894
-0.9067596
0.08946606
0.9548041
-0.6192352
0.4184983
-0.026938472
-0.3764955
0.43060157
-0.24269247
-0.032332562
0.31974533
-0.56864625
0.7000021
-0.6144269
0.2527025
0.31465203
-0.835738
0.96717966
-0.5085745
-0.32719254
0.93891764
-0.7646149
-0.10291791
0.8367146
-0.64879537
-0.24404654
0.7430881
-0.24161342
-0.4829798
0.35870942
0.29053414
-0.269635
-0.32685885
0.2060965
0.5213078
-0.2636525
-0.7344534
0.38397065
0.87268317
-0.42695546
-0.9140372
0.26881498
0.8606185
0.117205165
-0.6788526
-0.6137959
0.29795912
0.95088136
0.28317958
-0.8156857
-0.826211
0.11189071
0.86801
0.74996984
-0.14308101
-0.93670076
-0.81780654
0.051119357
0.87070256
0.9399898
0.19572878
-0.51953053